# NC Ms Monofásicos PIS/COFINS - Tabela 4.3.10 EFD-Contribuições (Versão Expandida 2026)
# Fonte: Legislação + Tabela Oficial SPED (atualizada 30/03/2026)
# Um NCM por linha - Use no TaxIntelligence Engine

# ===================== MEDICAMENTOS E PRODUTOS FARMACÊUTICOS (Capítulo 30) =====================
30011000
30012000
30019000
30021010
30021020
30021030
30022010
30022020
30023000
30029010
30029020
30029092
30029099
30031000
30032000
30033900
30039010
30039020
30039030
30039040
30039050
30039056
30039090
30041010
30041020
30042010
30042020
30042030
30042040
30042050
30042060
30042070
30042080
30042090
30043100
30043200
30043900
30044000
30045000
30046000
30049010
30049020
30049030
30049040
30049046
30049050
30049060
30049070
30049080
30049090
30049099
30051010
30051090
30059000
30061000
30062000
30063010
30063020
30063090
30064000
30065000
30066000
30067000
30068000

# ===================== HIGIENE PESSOAL, PERFUMARIA E COSMÉTICOS =====================
33030010
33030020
33030090
33041000
33042010
33042090
33043000
33049100
33049910
33049920
33049990
33051000
33052000
33053000
33059000
33061000
33062000
33069000
33071000
33072010
33072090
33073000
33079000
34011190
34012010
34013000
96032100
34011110
34011900
34012090

# ===================== BEBIDAS FRIAS =====================
22011000
22019000
22021000
22029000
22029100
22029900
22030000
22041000
22042100
22042900
22043000
22051000
22059000
22060000
22071000
22072010
22072090
22089000

# ===================== COMBUSTÍVEIS, DERIVADOS DE PETRÓLEO E LUBRIFICANTES =====================
27101159
27101259
27101911
27101921
27101931
27101991
27102000
27111100
27111200
27111300
27111910
27111990
27112100
27112900
27121000
27122000
27129000
27131100
27131200
27132000
27139000
27141000
27149000
27150000
29091100
29091900
27101959
27101971
27101979

# ===================== AUTOPÇAS, PNEUS, CÂMARAS E VEÍCULOS =====================
40111000
40112010
40112090
40113000
40114000
40115000
40116100
40116200
40116300
40116900
40119200
40119300
40119400
40119900
40121100
40121200
40121300
40121900
40122000
40129000
84071000
84072100
84072900
84073100
84073200
84073300
84073400
84079000
84081000
84082000
84089000
84091000
84099100
84099900
84133010
84133020
84133030
84133090
84134000
84135000
84136000
84137000
84138100
84138200
84139100
84212300
84212900
84213100
84219900
84821000
84822000
84823000
84824000
84825000
84828000
84829100
84829900
84831000
84832000
84833000
84834000
84835000
84836000
84839000
87081000
87082100
87082900
87083000
87084000
87085000
87087000
87088000
87089100
87089200
87089300
87089400
87089500
87089900
87141000
87142000
87149100
87149200
87149300
87149400
87149500
87149600
87149900

# ===================== OUTROS PRODUTOS MONOFÁSICOS (Químicos, Plásticos, Embalagens, etc.) =====================
21069010
34021100
34021200
34021300
34021900
34022000
34029000
38081010
38081020
38081090
38082010
38082020
38082090
38089010
38089020
38089090
38200000
38210000
38220000
38230000
38240000
38250000
38260000
39011000
39012000
39013000
39019000
39021000
39022000
39023000
39029000
39171000
39172100
39172200
39172300
39172900
39173100
39173200
39173300
39173900
39231000
39232100
39232900
39233000
39234000
39235000
39239000
73101000
76121000
34029090
38089110
38089190
38089210
38089290
39041000
39042100
39042200
39043000
39044000
39045000
39046100
39046900
39049000
39201000
39202000
39203000
39204300
39209100
39209200
39209300
39209400
39209900
39211100
39211200
39211300
39211400
39211900
39219000
73102900
76129000
